"incode","value"
1AA,S14000040
1AB,S14000040
1AD,S14000040
1AG,S14000040
1AP,S14000040
1AR,S14000040
1AT,S14000040
1AU,S14000040
1AW,S14000040
1AX,S14000040
1BB,S14000040
1BD,S14000040
1DA,S14000040
1DH,S14000040
1DN,S14000040
1DP,S14000040
1DQ,S14000040
1DR,S14000040
1DS,S14000040
1DT,S14000040
1DU,S14000040
1DW,S14000040
1DY,S14000040
1DZ,S14000040
1EA,S14000040
1EB,S14000040
1ED,S14000040
1EE,S14000040
1EF,S14000040
1EH,S14000040
1EJ,S14000040
1EL,S14000040
1EN,S14000040
1EP,S14000040
1EQ,S14000040
1ES,S14000040
1ET,S14000040
1EU,S14000040
1EW,S14000040
1EX,S14000040
1EY,S14000040
1FN,S14000040
1GZ,S14000040
1HA,S14000040
1HB,S14000040
1HF,S14000040
1HG,S14000040
1HH,S14000040
1HJ,S14000040
1HL,S14000040
1HN,S14000040
1HP,S14000040
1HQ,S14000040
1HR,S14000040
1HS,S14000040
1HT,S14000040
1HU,S14000040
1HX,S14000040
1HY,S14000040
1HZ,S14000040
1JA,S14000040
1JB,S14000040
1JD,S14000040
1JE,S14000040
1JF,S14000040
1JG,S14000040
1JH,S14000040
1JJ,S14000040
1JL,S14000040
1JQ,S14000040
1JS,S14000040
1JX,S14000040
1JY,S14000040
1JZ,S14000040
1LA,S14000040
1LB,S14000040
1LD,S14000040
1LE,S14000040
1LF,S14000040
1LG,S14000040
1LH,S14000040
1LJ,S14000040
1LL,S14000040
1LP,S14000040
1LQ,S14000040
1LT,S14000040
1LU,S14000040
1NA,S14000040
1NB,S14000040
1ND,S14000040
1NE,S14000040
1NF,S14000040
1NG,S14000040
1NH,S14000040
1NJ,S14000040
1NQ,S14000040
1NT,S14000040
1NU,S14000040
1PA,S14000040
1PB,S14000040
1PD,S14000040
1PH,S14000040
1PJ,S14000040
1PL,S14000040
1PN,S14000040
1PR,S14000040
1PS,S14000040
1PU,S14000040
1PW,S14000040
1PX,S14000040
1PY,S14000040
1PZ,S14000040
1QB,S14000040
1QD,S14000040
1QE,S14000040
1QF,S14000040
1QG,S14000040
1QJ,S14000040
1QL,S14000040
1QN,S14000040
1QP,S14000040
1QQ,S14000040
1QR,S14000040
1QS,S14000040
1QU,S14000040
1QW,S14000040
1QX,S14000040
1QY,S14000040
1QZ,S14000040
1RB,S14000040
1RD,S14000040
1RF,S14000040
1RG,S14000040
1RJ,S14000040
1RL,S14000040
1RN,S14000040
1RP,S14000040
1RR,S14000040
1RS,S14000040
1RT,S14000040
1RU,S14000040
1RW,S14000040
1RX,S14000040
1RY,S14000040
1RZ,S14000040
1SA,S14000040
1SD,S14000040
1SE,S14000040
1SF,S14000040
1SG,S14000040
1SL,S14000040
1SN,S14000040
1SP,S14000040
1SQ,S14000040
1SS,S14000040
1ST,S14000040
1SU,S14000040
1SX,S14000040
1SY,S14000040
1SZ,S14000040
1TB,S14000040
1TD,S14000040
1TE,S14000040
1TF,S14000040
1TG,S14000040
1TH,S14000040
1TJ,S14000040
1TL,S14000040
1TN,S14000040
1TP,S14000040
1TQ,S14000040
1TR,S14000040
1TS,S14000040
1TT,S14000040
1TU,S14000040
1TW,S14000040
1TX,S14000040
1TY,S14000040
1TZ,S14000040
1UA,S14000040
1UB,S14000040
1UD,S14000040
1UE,S14000040
1UF,S14000040
1UG,S14000040
1UH,S14000040
1UJ,S14000040
1UL,S14000040
1UN,S14000040
1UP,S14000040
1UR,S14000040
1US,S14000040
1UT,S14000040
1UU,S14000040
1UW,S14000040
1UX,S14000040
1UY,S14000040
1XB,S14000040
2AA,S14000040
2AB,S14000040
2AD,S14000040
2AE,S14000040
2AF,S14000040
2AG,S14000040
2AH,S14000040
2AJ,S14000040
2AL,S14000040
2AN,S14000040
2AP,S14000040
2AQ,S14000040
2AR,S14000040
2AS,S14000040
2AT,S14000040
2AU,S14000040
2AW,S14000040
2AX,S14000040
2AY,S14000040
2AZ,S14000040
2BA,S14000040
2BE,S14000040
2BH,S14000040
2BJ,S14000040
2BL,S14000040
2BN,S14000040
2BP,S14000040
2BS,S14000040
2BT,S14000040
2BU,S14000040
2BW,S14000040
2BX,S14000040
2BY,S14000040
2BZ,S14000040
2DA,S14000040
2DB,S14000040
2DD,S14000040
2DE,S14000040
2DF,S14000040
2DG,S14000040
2DH,S14000040
2DJ,S14000040
2DL,S14000040
2DN,S14000040
2DP,S14000040
2DQ,S14000040
2DR,S14000040
2DW,S14000040
2DZ,S14000040
2EB,S14000040
2ED,S14000040
2EE,S14000040
2EF,S14000040
2EG,S14000040
2EH,S14000040
2EJ,S14000040
2EL,S14000040
2EN,S14000040
2EQ,S14000040
2ES,S14000040
2ET,S14000040
2EU,S14000040
2EW,S14000040
2EX,S14000040
2EY,S14000040
2EZ,S14000040
2GA,S14000040
2GB,S14000040
2GD,S14000040
2GE,S14000040
2GF,S14000040
2GG,S14000040
2GH,S14000040
2GJ,S14000040
2GL,S14000040
2GN,S14000040
2GP,S14000040
2GR,S14000040
2GS,S14000040
2HA,S14000040
2HB,S14000040
2HD,S14000040
2HE,S14000040
2HF,S14000040
2HG,S14000040
2HH,S14000040
2HJ,S14000040
2HL,S14000040
2HP,S14000040
2HQ,S14000040
2HR,S14000040
2HS,S14000040
2HT,S14000040
2HU,S14000040
2HW,S14000040
2HX,S14000040
2HY,S14000040
2HZ,S14000040
2JA,S14000040
2JB,S14000040
2JD,S14000040
2JE,S14000040
2JF,S14000040
2JG,S14000040
2JH,S14000040
2JJ,S14000040
2JL,S14000040
2JN,S14000040
2JP,S14000040
2JQ,S14000040
2JR,S14000040
2JS,S14000040
2JT,S14000040
2JU,S14000040
2JW,S14000040
2JX,S14000040
2JY,S14000040
2JZ,S14000040
2LA,S14000040
2LB,S14000040
2LD,S14000040
2LJ,S14000040
2LL,S14000040
2LN,S14000040
2LP,S14000040
2LS,S14000040
2LU,S14000040
2LW,S14000040
2LX,S14000040
2LY,S14000040
2LZ,S14000040
2NB,S14000040
2ND,S14000040
2NE,S14000040
2NG,S14000010
2NH,S14000040
2NJ,S14000040
2NL,S14000040
2NN,S14000040
2NP,S14000040
2NR,S14000040
2NS,S14000040
2NT,S14000040
2NU,S14000040
2NW,S14000040
2NX,S14000010
2NY,S14000010
2PA,S14000010
2PB,S14000010
2PD,S14000010
2PE,S14000010
2PF,S14000040
2PG,S14000040
2PJ,S14000010
2PL,S14000010
2PN,S14000010
2PP,S14000010
2PQ,S14000010
2PR,S14000040
2PS,S14000040
2PT,S14000040
2PU,S14000040
2PW,S14000010
2PX,S14000040
2PZ,S14000040
2QA,S14000040
2QB,S14000040
2QD,S14000040
2QE,S14000040
2QF,S14000040
2QG,S14000040
2QH,S14000040
2QJ,S14000040
2QL,S14000040
2QN,S14000040
2QP,S14000040
2QQ,S14000040
2QR,S14000040
2QS,S14000040
2QT,S14000040
2QU,S14000040
2QW,S14000040
2QX,S14000040
2QY,S14000040
2QZ,S14000040
2RA,S14000040
2RB,S14000040
2RE,S14000040
2RF,S14000040
2RG,S14000040
2RH,S14000040
2RJ,S14000040
2RL,S14000040
2RN,S14000040
2RP,S14000040
2RQ,S14000040
2RR,S14000040
2RS,S14000040
2RT,S14000040
2RU,S14000040
2RX,S14000040
2RY,S14000040
2RZ,S14000040
2SA,S14000040
2SB,S14000040
2SD,S14000040
2SE,S14000040
2SF,S14000040
2SG,S14000040
2SH,S14000040
2SJ,S14000040
2SL,S14000040
2SN,S14000040
2SP,S14000040
2SQ,S14000040
2SR,S14000040
2ST,S14000040
2SW,S14000040
2SX,S14000040
2SY,S14000040
2SZ,S14000040
2TA,S14000040
2TB,S14000040
2TD,S14000040
2TE,S14000040
2TF,S14000040
2TH,S14000040
2TJ,S14000040
2TL,S14000040
2TN,S14000040
2TP,S14000040
2TR,S14000040
2TS,S14000040
2TT,S14000040
2TU,S14000040
2TW,S14000040
2TX,S14000040
2TY,S14000040
2TZ,S14000040
2UA,S14000040
2YG,S14000040
3AB,S14000040
3AD,S14000040
3AE,S14000040
3AF,S14000040
3AG,S14000040
3AH,S14000040
3AJ,S14000040
3AL,S14000040
3AN,S14000040
3AP,S14000040
3AQ,S14000040
3AR,S14000040
3AW,S14000040
3AX,S14000040
3AY,S14000040
3AZ,S14000040
3BA,S14000040
3BB,S14000040
3BD,S14000040
3BE,S14000040
3BF,S14000040
3BG,S14000040
3BH,S14000040
3BJ,S14000040
3BL,S14000040
3BN,S14000040
3BP,S14000040
3BQ,S14000040
3BS,S14000040
3BT,S14000040
3BU,S14000040
3BW,S14000040
3BX,S14000040
3BY,S14000040
3BZ,S14000040
3DA,S14000040
3DB,S14000040
3DD,S14000040
3DE,S14000040
3DF,S14000040
3DG,S14000040
3DH,S14000040
3DJ,S14000040
3DL,S14000040
3DN,S14000040
3DP,S14000040
3DQ,S14000040
3DR,S14000040
3DS,S14000040
3DT,S14000040
3DU,S14000040
3DW,S14000040
3DX,S14000040
3DY,S14000040
3DZ,S14000040
3EA,S14000040
3EB,S14000040
3ED,S14000040
3EE,S14000040
3EF,S14000040
3EG,S14000040
3EH,S14000040
3EJ,S14000040
3EL,S14000040
3EN,S14000040
3EP,S14000040
3EQ,S14000040
3ER,S14000040
3ES,S14000040
3EU,S14000040
3EW,S14000040
3EX,S14000040
3EY,S14000040
3EZ,S14000040
3FA,S14000040
3FB,S14000040
3FD,S14000040
3HA,S14000040
3HB,S14000040
3HD,S14000040
3HE,S14000040
3HF,S14000040
3HG,S14000040
3HH,S14000040
3HJ,S14000040
3HL,S14000040
3HN,S14000040
3HP,S14000040
3HQ,S14000040
3HR,S14000040
3HS,S14000040
3HT,S14000040
3HU,S14000040
3HW,S14000040
3HX,S14000040
3HY,S14000040
3HZ,S14000040
3JA,S14000040
3JB,S14000040
3JD,S14000040
3JE,S14000040
4AA,S14000040
4AB,S14000040
4AD,S14000040
4AE,S14000040
4AF,S14000040
4AG,S14000040
4AH,S14000040
4AJ,S14000040
4AL,S14000040
4AN,S14000040
4AP,S14000040
4AQ,S14000040
4AR,S14000040
4AS,S14000040
4AT,S14000040
4AU,S14000040
4AW,S14000040
4AY,S14000040
4AZ,S14000040
4BA,S14000040
4BB,S14000040
4BD,S14000040
4BE,S14000040
4BG,S14000040
4BH,S14000040
4BJ,S14000040
4BL,S14000040
4BN,S14000040
4BP,S14000040
4BQ,S14000040
4BS,S14000040
4BT,S14000040
4BU,S14000040
4BW,S14000040
4BX,S14000040
4BY,S14000040
4BZ,S14000040
4DA,S14000040
4DB,S14000040
4DE,S14000040
4DF,S14000040
4DG,S14000040
4DH,S14000040
4DJ,S14000040
4DL,S14000040
4DN,S14000040
4DP,S14000040
4DQ,S14000040
4DR,S14000040
4DS,S14000040
4DT,S14000040
4DU,S14000040
4DW,S14000040
4DX,S14000040
4DY,S14000040
4DZ,S14000040
4EA,S14000040
4EB,S14000040
4ED,S14000048
4EE,S14000040
4EF,S14000040
4EG,S14000040
4EH,S14000040
4EJ,S14000040
4EL,S14000040
4EN,S14000040
4EQ,S14000040
4ES,S14000040
4ET,S14000040
4EW,S14000040
5AA,S14000040
5AB,S14000040
5AD,S14000040
5AE,S14000040
5AG,S14000040
5AH,S14000040
5AJ,S14000040
5AP,S14000040
5AQ,S14000040
5AS,S14000040
5AT,S14000040
5AU,S14000040
5AW,S14000040
5AX,S14000040
5AY,S14000040
5AZ,S14000040
5BA,S14000040
5BB,S14000040
5BD,S14000040
5BE,S14000040
5BF,S14000040
5BG,S14000040
5BJ,S14000040
5BL,S14000040
5BP,S14000040
5BS,S14000040
5BT,S14000040
5BU,S14000040
5BX,S14000040
5BY,S14000040
5BZ,S14000040
5DA,S14000040
5DB,S14000040
5DD,S14000040
5DE,S14000040
5DG,S14000040
5DH,S14000040
5DJ,S14000040
5DL,S14000040
5DN,S14000040
5DP,S14000040
5DQ,S14000040
5DS,S14000040
5DT,S14000040
5DU,S14000040
5DW,S14000040
5DX,S14000040
5DY,S14000040
5DZ,S14000040
5EA,S14000040
5EB,S14000040
5ED,S14000040
5EE,S14000040
5EF,S14000040
5EG,S14000040
5EH,S14000040
5EJ,S14000040
5EL,S14000040
5EN,S14000040
5EP,S14000040
5EQ,S14000040
5ER,S14000040
5ES,S14000040
5ET,S14000040
5EU,S14000040
5EW,S14000040
5EX,S14000040
5EY,S14000040
5EZ,S14000040
5GA,S14000040
5GZ,S14000040
5HA,S14000040
5HB,S14000040
5HD,S14000040
5HE,S14000040
5HF,S14000040
5HG,S14000040
5HH,S14000040
5HJ,S14000040
5HL,S14000040
5HN,S14000040
5HP,S14000040
5HQ,S14000040
5HR,S14000040
5HS,S14000040
5HT,S14000040
5HU,S14000040
5HX,S14000040
5HY,S14000040
5HZ,S14000040
5JA,S14000040
5JB,S14000040
5JD,S14000040
5JE,S14000040
5JF,S14000040
5JG,S14000040
5JH,S14000040
5JJ,S14000040
5JL,S14000040
5JP,S14000040
5JQ,S14000040
5JR,S14000040
5JS,S14000040
5JT,S14000040
5JU,S14000040
5JW,S14000040
5JX,S14000040
5JY,S14000040
5JZ,S14000040
5LA,S14000040
5LB,S14000040
5LD,S14000040
5LE,S14000040
5LG,S14000040
5LH,S14000040
5LJ,S14000040
5LL,S14000040
5LN,S14000040
5LP,S14000040
5LQ,S14000040
5LW,S14000040
5NA,S14000040
5PA,S14000040
5PB,S14000040
5PD,S14000040
5PE,S14000040
5PF,S14000040
5PG,S14000040
5PH,S14000040
5PJ,S14000040
5PL,S14000040
5PN,S14000040
5PP,S14000040
5PQ,S14000040
5PR,S14000040
5PS,S14000040
5PT,S14000040
5PU,S14000040
5PW,S14000040
5PX,S14000040
5PY,S14000040
5PZ,S14000040
5QA,S14000040
5QB,S14000040
5QD,S14000040
5QE,S14000040
5QF,S14000040
5QG,S14000040
5QH,S14000040
5QJ,S14000040
5QL,S14000040
5QN,S14000040
5QR,S14000040
5QS,S14000040
5QT,S14000040
5RA,S14000040
6AA,S14000040
6AB,S14000040
6AD,S14000040
6AE,S14000040
6AF,S14000040
6AG,S14000040
6AH,S14000040
6AJ,S14000040
6AL,S14000040
6AN,S14000040
6AP,S14000040
6AQ,S14000040
6AR,S14000040
6AS,S14000040
6AT,S14000040
6AU,S14000040
6AW,S14000040
6AX,S14000040
6AY,S14000040
6AZ,S14000040
6BA,S14000040
6BB,S14000040
6BD,S14000040
6BE,S14000040
6BF,S14000040
6BG,S14000040
6BH,S14000040
6BJ,S14000040
6BL,S14000040
6BN,S14000040
6BP,S14000040
6BQ,S14000040
6BS,S14000040
6BT,S14000040
6BW,S14000040
6BX,S14000040
6BY,S14000040
6BZ,S14000040
6DA,S14000040
6DB,S14000040
6DD,S14000040
6DE,S14000040
6DF,S14000040
6DG,S14000040
6DH,S14000040
6DJ,S14000040
6DL,S14000040
6DN,S14000040
6DP,S14000040
6DQ,S14000040
6DS,S14000040
6DU,S14000040
6DW,S14000040
6DX,S14000040
6DY,S14000040
6EA,S14000040
6EB,S14000040
6ED,S14000040
6EE,S14000040
6EF,S14000040
6EG,S14000040
6EH,S14000040
6EJ,S14000040
6EL,S14000040
6EN,S14000040
6EP,S14000040
6EQ,S14000040
6ER,S14000040
6ES,S14000040
6ET,S14000040
6EU,S14000040
6EW,S14000040
6EX,S14000040
6EY,S14000040
6EZ,S14000040
6FA,S14000040
6FB,S14000040
6FD,S14000040
6FE,S14000040
6FF,S14000040
6FG,S14000040
6FH,S14000040
6FJ,S14000040
6FL,S14000040
6FN,S14000040
6FP,S14000040
6FQ,S14000040
6FR,S14000040
6FS,S14000040
6FT,S14000040
6FW,S14000040
6FX,S14000040
6FY,S14000040
6FZ,S14000040
6GA,S14000040
6GB,S14000040
6GD,S14000040
6GE,S14000040
6GF,S14000040
6GG,S14000040
6GH,S14000040
6GJ,S14000040
6GL,S14000040
6GN,S14000040
6GP,S14000040
6GQ,S14000040
6HB,S14000040
6HE,S14000040
6HG,S14000040
6HJ,S14000040
6HL,S14000040
6HP,S14000040
6HQ,S14000040
6HR,S14000040
6HS,S14000040
6HT,S14000040
6HU,S14000040
6HW,S14000040
6HX,S14000040
6HY,S14000040
6HZ,S14000040
6JA,S14000040
6JB,S14000040
6JD,S14000040
6JE,S14000040
6JF,S14000040
6JG,S14000040
6JH,S14000040
6JJ,S14000040
6JL,S14000040
6JN,S14000040
6JP,S14000040
6JQ,S14000040
6JR,S14000040
6JS,S14000040
6JT,S14000040
6JU,S14000040
6JW,S14000040
6JX,S14000040
6JZ,S14000040
6LA,S14000040
6LD,S14000040
6LE,S14000040
6LF,S14000040
6LG,S14000040
6LH,S14000040
6LJ,S14000040
6LL,S14000040
6LN,S14000040
6LP,S14000040
6LQ,S14000040
6LR,S14000040
6LS,S14000040
6LT,S14000040
6LU,S14000040
6LW,S14000040
6LX,S14000040
6NB,S14000040
6ND,S14000040
6NE,S14000040
7AA,S14000040
7AB,S14000040
7AD,S14000040
7AE,S14000040
7AF,S14000040
7AG,S14000040
7AH,S14000040
7AJ,S14000040
7AN,S14000040
7AP,S14000040
7AQ,S14000040
7AR,S14000040
7AS,S14000040
7AT,S14000040
7AU,S14000040
7AW,S14000040
7AX,S14000040
7AY,S14000040
7AZ,S14000040
7BA,S14000040
7BB,S14000040
7BD,S14000040
7BE,S14000040
7BF,S14000040
7BG,S14000040
7BJ,S14000040
7BP,S14000040
7BT,S14000040
7BU,S14000040
7BX,S14000040
7BY,S14000040
7BZ,S14000040
7DA,S14000040
7DB,S14000040
7DD,S14000040
7DF,S14000040
7DG,S14000040
7DH,S14000040
7DJ,S14000040
7DL,S14000040
7DN,S14000040
7DP,S14000040
7DQ,S14000040
7DR,S14000040
7DS,S14000040
7DT,S14000040
7DU,S14000040
7DX,S14000040
7DY,S14000040
7DZ,S14000040
7EA,S14000040
7EB,S14000040
7ED,S14000040
7EE,S14000040
7EF,S14000040
7EG,S14000040
7EH,S14000040
7EJ,S14000040
7EL,S14000040
7EN,S14000040
7EP,S14000040
7EQ,S14000040
7ER,S14000040
7ES,S14000040
7ET,S14000040
7EU,S14000040
7EW,S14000040
7EX,S14000040
7EY,S14000040
7EZ,S14000040
7FB,S14000040
7FD,S14000040
7FE,S14000040
7HA,S14000040
7HB,S14000040
7HD,S14000040
7HE,S14000040
7HF,S14000040
7HG,S14000040
7HL,S14000040
7HN,S14000040
7HP,S14000040
7HQ,S14000040
7HR,S14000040
7HS,S14000040
7HT,S14000040
7HU,S14000040
7HW,S14000040
7HX,S14000040
7HY,S14000040
7HZ,S14000040
7JA,S14000040
7JB,S14000040
7JD,S14000040
7JE,S14000040
7JF,S14000040
7JG,S14000040
7JH,S14000040
7JJ,S14000040
7JL,S14000040
7JN,S14000040
7JP,S14000040
7JQ,S14000040
7JR,S14000040
7JS,S14000040
7JT,S14000040
7JU,S14000040
7JW,S14000040
7JX,S14000040
7JY,S14000040
7JZ,S14000040
7LA,S14000040
7LB,S14000040
7LD,S14000040
7LE,S14000040
7LF,S14000040
7LG,S14000040
7LH,S14000040
7LJ,S14000040
7LL,S14000040
7LQ,S14000040
7LR,S14000040
7LS,S14000040
7LT,S14000040
7LU,S14000040
7LX,S14000040
7LY,S14000040
7LZ,S14000040
7NA,S14000040
7NB,S14000040
7ND,S14000040
7NE,S14000040
7NF,S14000040
7NG,S14000040
7NH,S14000040
7NJ,S14000040
7NL,S14000040
7NN,S14000040
7NP,S14000040
7NQ,S14000040
7NR,S14000040
7NS,S14000040
7NT,S14000040
7NU,S14000040
7NW,S14000040
7NX,S14000040
7NY,S14000040
7PA,S14000040
7PB,S14000040
7PD,S14000040
7PE,S14000040
7PF,S14000040
7PG,S14000040
7PH,S14000040
7PJ,S14000040
7PL,S14000040
7PN,S14000040
7PP,S14000040
7PQ,S14000040
7PR,S14000040
7PU,S14000040
7PW,S14000040
7PX,S14000040
7PY,S14000040
7PZ,S14000040
7QA,S14000040
7QB,S14000040
7QD,S14000040
7QE,S14000040
7QF,S14000040
7QG,S14000040
7QH,S14000040
7QJ,S14000040
7QL,S14000040
7QN,S14000040
7QP,S14000040
7QQ,S14000040
7QR,S14000040
7QS,S14000040
7QT,S14000040
7QU,S14000040
7QW,S14000040
7QX,S14000040
7QY,S14000040
7QZ,S14000040
7RA,S14000040
7RB,S14000040
7RD,S14000040
7RE,S14000040
7RF,S14000040
7RG,S14000040
7RH,S14000040
7RJ,S14000040
7RL,S14000040
7RN,S14000040
7RP,S14000040
7RQ,S14000040
7RR,S14000040
7RS,S14000040
7RT,S14000040
7RU,S14000040
7RW,S14000040
7SH,S14000040
7SL,S14000040
7SN,S14000040
7SY,S14000040
7SZ,S14000040
7TA,S14000040
7TB,S14000040
7TD,S14000040
7TE,S14000040
7TF,S14000040
7TG,S14000040
7TH,S14000040
7TJ,S14000040
7TL,S14000040
7TN,S14000040
7TQ,S14000040
7UA,S14000040
7UB,S14000040
7UD,S14000040
7UE,S14000040
7UF,S14000040
7UG,S14000040
7UH,S14000040
7UL,S14000040
7UN,S14000040
7UP,S14000040
7UQ,S14000040
7UW,S14000040
7YN,S14000040
