"incode","value"
8AA,E14000704
8AB,E14000704
8AD,E14000704
8AE,E14000704
8AF,E14000704
8AG,E14000704
8AH,E14000704
8AJ,E14000704
8AL,E14000704
8AN,E14000704
8AQ,E14000704
8AR,E14000704
8AS,E14000704
8AT,E14000704
8AU,E14000704
8AY,E14000704
8AZ,E14000704
8BA,E14000704
8BB,E14000704
8BD,E14000704
8BE,E14000704
8BF,E14000704
8BG,E14000704
8BH,E14000704
8BJ,E14000704
8BL,E14000704
8BN,E14000704
8BP,E14000704
8BQ,E14000704
8BS,E14000704
8BT,E14000704
8BU,E14000704
8BW,E14000704
8BY,E14000704
8BZ,E14000704
8DA,E14000704
8DD,E14000704
8DE,E14000704
8DF,E14000704
8DG,E14000704
8DH,E14000704
8DJ,E14000704
8DL,E14000704
8DN,E14000704
8DQ,E14000704
8DR,E14000704
8DS,E14000704
8DT,E14000704
8DU,E14000704
8DW,E14000704
8DX,E14000704
8DY,E14000704
8DZ,E14000704
8EA,E14000704
8EB,E14000704
8ED,E14000704
8EE,E14000704
8EF,E14000704
8EG,E14000704
8EH,E14000704
8EJ,E14000704
8EL,E14000704
8EN,E14000704
8EP,E14000704
8EQ,E14000704
8ER,E14000704
8ES,E14000704
8ET,E14000704
8EU,E14000704
8EW,E14000704
8EX,E14000704
8EY,E14000704
8EZ,E14000704
8FB,E14000704
8FD,E14000704
8FL,E14000704
8GU,E14000704
8HA,E14000704
8HB,E14000704
8HD,E14000704
8HE,E14000704
8HF,E14000704
8HG,E14000704
8HH,E14000704
8HL,E14000704
8HN,E14000704
8HP,E14000704
8HQ,E14000704
8HS,E14000704
8HT,E14000704
8HU,E14000704
8HW,E14000704
8HX,E14000704
8HY,E14000704
8HZ,E14000704
8JA,E14000704
8JB,E14000704
8JD,E14000704
8JE,E14000704
8JF,E14000704
8JG,E14000704
8JH,E14000704
8JJ,E14000704
8JL,E14000704
8JN,E14000704
8JP,E14000704
8JQ,E14000704
8JR,E14000704
8JT,E14000704
8JU,E14000704
8JW,E14000704
8JX,E14000704
8JY,E14000704
8JZ,E14000704
8LA,E14000704
8LB,E14000704
8LD,E14000704
8LE,E14000704
8LF,E14000704
8LG,E14000704
8LH,E14000704
8LJ,E14000704
8LL,E14000704
8LN,E14000704
8LP,E14000704
8LQ,E14000704
8LR,E14000704
8LS,E14000704
8LT,E14000704
8LU,E14000704
8LY,E14000704
8LZ,E14000704
8NA,E14000704
8NB,E14000704
8ND,E14000704
8NE,E14000704
8NF,E14000704
8NG,E14000704
8NH,E14000704
8NJ,E14000704
8NL,E14000704
8NN,E14000704
8NP,E14000704
8NQ,E14000704
8NR,E14000704
8NS,E14000704
8NT,E14000704
8NU,E14000704
8NW,E14000704
8NX,E14000704
8NY,E14000704
8NZ,E14000704
8PA,E14000704
8PB,E14000704
8PD,E14000704
8PF,E14000704
8PH,E14000704
8PJ,E14000704
8PL,E14000704
8PN,E14000704
8PP,E14000704
8PQ,E14000704
8PR,E14000704
8PS,E14000704
8PT,E14000704
8PU,E14000704
8PW,E14000704
8PX,E14000704
8PY,E14000704
8PZ,E14000704
8QA,E14000704
8QB,E14000704
8QE,E14000704
8QG,E14000704
8QH,E14000704
8QJ,E14000704
8QL,E14000704
8QN,E14000704
8QP,E14000704
8QQ,E14000704
8QR,E14000704
8QS,E14000704
8QT,E14000704
8QU,E14000704
8QW,E14000704
8QX,E14000704
8QY,E14000704
8QZ,E14000704
8RA,E14000704
8RB,E14000704
8RD,E14000704
8RE,E14000704
8RF,E14000704
8RG,E14000704
8RH,E14000704
8RJ,E14000704
8RL,E14000704
8RN,E14000704
8RP,E14000704
8RQ,E14000704
8RS,E14000704
8RT,E14000704
8RU,E14000704
8RW,E14000704
8RX,E14000704
8RY,E14000704
8RZ,E14000704
8SA,E14000704
8SB,E14000704
8SE,E14000704
8SF,E14000704
8SG,E14000704
8SH,E14000704
8SJ,E14000704
8SL,E14000704
8SN,E14000704
8SP,E14000704
8SQ,E14000704
8SR,E14000704
8SS,E14000704
8ST,E14000704
8SU,E14000704
8SW,E14000704
8SX,E14000704
8SY,E14000704
8SZ,E14000704
8TA,E14000704
8TD,E14000704
8TE,E14000704
8TF,E14000704
8TG,E14000704
8TH,E14000704
8TL,E14000704
8TP,E14000704
8TQ,E14000704
8TR,E14000704
8TS,E14000704
8TT,E14000704
8TU,E14000704
8TW,E14000704
8TX,E14000704
8TY,E14000704
8TZ,E14000704
8UA,E14000704
8UE,E14000704
8UF,E14000704
8UG,E14000704
8UJ,E14000704
8UL,E14000704
8UN,E14000704
8UP,E14000704
8UQ,E14000704
8UR,E14000704
8US,E14000704
8UT,E14000704
8UU,E14000704
8UW,E14000704
8UX,E14000704
8XA,E14000704
8XB,E14000704
8XD,E14000704
8XE,E14000704
8XF,E14000704
8XG,E14000704
8XH,E14000704
8XN,E14000704
8XP,E14000704
8XQ,E14000704
8XR,E14000704
8XS,E14000704
8XU,E14000704
8XW,E14000704
8ZN,E14000704
9AA,E14000704
9BE,E14000704
9BS,E14000704
9DA,E14000704
9DG,E14000704
9DH,E14000704
9DL,E14000704
9DN,E14000704
9DP,E14000704
9DQ,E14000704
9DR,E14000704
