"incode","value"
0AA,W06000024
0AB,W06000024
0AE,W06000024
0AF,W06000024
0AG,W06000024
0AJ,W06000024
0AL,W06000024
0AN,W06000024
0AP,W06000024
0AQ,W06000024
0AR,W06000024
0AS,W06000024
0AU,W06000024
0AW,W06000024
0AX,W06000024
0AY,W06000024
0AZ,W06000024
0BA,W06000024
0BE,W06000024
0BG,W06000024
0BH,W06000024
0BL,W06000024
0BN,W06000024
0BP,W06000024
0BW,W06000024
0BY,W06000024
0DA,W06000024
0DB,W06000024
0DE,W06000024
0DF,W06000024
0DG,W06000024
0DH,W06000024
0DJ,W06000024
0DL,W06000024
0DN,W06000024
0DP,W06000024
0DQ,W06000024
0DR,W06000024
0DS,W06000024
0DT,W06000024
0DU,W06000024
0DW,W06000024
0DX,W06000024
0DY,W06000024
0EB,W06000024
0ED,W06000024
0EE,W06000024
0EF,W06000024
0EG,W06000024
0EJ,W06000024
0EN,W06000024
0ER,W06000024
0ES,W06000024
0ET,W06000024
0EU,W06000024
0EX,W06000024
0EY,W06000024
0GA,W06000024
0GB,W06000024
0GD,W06000024
0GE,W06000024
0GF,W06000024
0HA,W06000024
0HB,W06000024
0HD,W06000024
0HE,W06000024
0HF,W06000024
0HG,W06000024
0HH,W06000024
0HJ,W06000024
0HL,W06000024
0HN,W06000024
0HP,W06000024
0HQ,W06000024
0HR,W06000024
0HS,W06000024
0HT,W06000024
0HU,W06000024
0HW,W06000024
0HX,W06000024
0HY,W06000024
0HZ,W06000024
0JA,W06000024
0JB,W06000024
0JD,W06000024
0JE,W06000024
0JF,W06000024
0JG,W06000024
0JH,W06000024
0JJ,W06000024
0JL,W06000024
0JP,W06000024
0LA,W06000024
0LB,W06000024
0LD,W06000024
0LE,W06000024
0LF,W06000024
0LG,W06000024
0LH,W06000024
0LJ,W06000024
0LL,W06000024
0LN,W06000024
0LP,W06000024
0LQ,W06000024
0LR,W06000024
0LS,W06000024
0LT,W06000024
0LU,W06000024
0LW,W06000024
0LX,W06000024
0LY,W06000024
0LZ,W06000024
0NA,W06000024
0NB,W06000024
0ND,W06000024
0NE,W06000024
0NF,W06000024
0NG,W06000024
0NH,W06000024
0NJ,W06000024
0NL,W06000024
0NN,W06000024
0NP,W06000024
0NQ,W06000024
0NR,W06000024
0NS,W06000024
0NT,W06000024
0NU,W06000024
0NW,W06000024
0NY,W06000024
0PA,W06000024
0PB,W06000024
0PD,W06000024
0PE,W06000024
0PF,W06000024
0PG,W06000024
0PH,W06000024
0PL,W06000024
0PN,W06000024
0PP,W06000024
0PR,W06000024
0PS,W06000024
0PT,W06000024
0PU,W06000024
0PW,W06000024
0PY,W06000024
0RA,W06000024
0RB,W06000024
0RD,W06000024
0RE,W06000024
0RF,W06000024
0RG,W06000024
0RH,W06000024
0RJ,W06000024
0RL,W06000024
0RN,W06000024
0RP,W06000024
0RR,W06000024
0RS,W06000024
0RT,W06000024
0RU,W06000024
0RW,W06000024
0RX,W06000024
0RY,W06000024
0SA,W06000024
0SB,W06000024
0SD,W06000024
0SE,W06000024
0SF,W06000024
0SG,W06000024
0SH,W06000024
0SL,W06000024
0SN,W06000024
0SP,W06000024
0SR,W06000024
0SS,W06000024
0ST,W06000024
0SU,W06000024
0SX,W06000024
0SY,W06000024
0TA,W06000024
0TB,W06000024
0TD,W06000024
0TE,W06000024
0TF,W06000024
0TG,W06000024
0TH,W06000024
0TJ,W06000024
0TL,W06000024
0TN,W06000024
0TP,W06000024
0TT,W06000024
0TU,W06000024
0TX,W06000024
0UA,W06000024
0UB,W06000024
0UD,W06000024
0UE,W06000024
0UG,W06000024
0UH,W06000024
0UL,W06000024
0UN,W06000024
0UP,W06000024
0UQ,W06000024
0UR,W06000024
0UT,W06000024
0UU,W06000024
0UW,W06000024
0UX,W06000024
0UY,W06000024
0YA,W06000024
0YB,W06000024
0YD,W06000024
0YE,W06000024
0YF,W06000024
0YG,W06000024
0YH,W06000024
0YJ,W06000024
0YL,W06000024
0YN,W06000024
0YP,W06000024
0YR,W06000024
0YS,W06000024
0YU,W06000024
0YW,W06000024
0YX,W06000024
7AZ,W06000024
7BL,W06000024
7BN,W06000024
7BR,W06000024
7BS,W06000024
7ZZ,W06000024
8AA,W06000024
8AD,W06000024
8AE,W06000024
8AF,W06000024
8AG,W06000024
8AJ,W06000024
8AN,W06000024
8AP,W06000024
8AS,W06000024
8AT,W06000024
8AU,W06000024
8AX,W06000024
8AY,W06000024
8BB,W06000024
8BE,W06000024
8BF,W06000024
8BG,W06000024
8BH,W06000024
8BJ,W06000024
8BL,W06000024
8BN,W06000024
8BS,W06000024
8BT,W06000024
8BU,W06000024
8BW,W06000024
8BX,W06000024
8BY,W06000024
8DA,W06000024
8DE,W06000024
8DF,W06000024
8DG,W06000024
8DJ,W06000024
8DL,W06000024
8DN,W06000024
8DP,W06000024
8DS,W06000024
8DT,W06000024
8DU,W06000024
8DW,W06000024
8DX,W06000024
8DY,W06000024
8EB,W06000024
8ED,W06000024
8EG,W06000024
8EJ,W06000024
8EL,W06000024
8EN,W06000024
8EU,W06000024
8EW,W06000024
8EX,W06000024
8EY,W06000024
8FG,W06000024
8HA,W06000024
8HB,W06000024
8HD,W06000024
8HE,W06000024
8HF,W06000024
8HG,W06000024
8HH,W06000024
8HJ,W06000024
8HL,W06000024
8HN,W06000024
8HP,W06000024
8HR,W06000024
8HU,W06000024
8HW,W06000024
8HX,W06000024
8JD,W06000024
8LA,W06000024
8LD,W06000024
8LF,W06000024
8LG,W06000024
8LH,W06000024
8LJ,W06000024
8LL,W06000024
8LN,W06000024
8LP,W06000024
8LQ,W06000024
8LR,W06000024
8LS,W06000024
8LT,W06000024
8LU,W06000024
8LX,W06000024
8LY,W06000024
8LZ,W06000024
8NA,W06000024
8NB,W06000024
8ND,W06000024
8NE,W06000024
8NF,W06000024
8NG,W06000024
8NH,W06000024
8NJ,W06000024
8NL,W06000024
8NN,W06000024
8NP,W06000024
8NR,W06000024
8NS,W06000024
8NT,W06000024
8NU,W06000024
8NW,W06000024
8NX,W06000024
8PA,W06000024
8PB,W06000024
8PD,W06000024
8PE,W06000024
8PJ,W06000024
8PP,W06000024
8PQ,W06000024
8PR,W06000024
8PS,W06000024
8PT,W06000024
8PU,W06000024
8PW,W06000024
8PX,W06000024
8PY,W06000024
8QD,W06000024
8RB,W06000024
8RD,W06000024
8RE,W06000024
8RF,W06000024
8RG,W06000024
8RH,W06000024
8RJ,W06000024
8RL,W06000024
8RN,W06000024
8RP,W06000024
8RR,W06000024
8RS,W06000024
8RT,W06000024
8RU,W06000024
8RW,W06000024
8RY,W06000024
8SA,W06000024
8SB,W06000024
8SD,W06000024
8SE,W06000024
8SF,W06000024
8SG,W06000024
8SH,W06000024
8SL,W06000024
8SN,W06000024
8SP,W06000024
8SR,W06000024
8SS,W06000024
8ST,W06000024
8SU,W06000024
8SW,W06000024
8SY,W06000024
8TA,W06000024
8TB,W06000024
8TD,W06000024
8TE,W06000024
8TF,W06000024
8TG,W06000024
8TH,W06000024
8TJ,W06000024
8TL,W06000024
8TN,W06000024
8TP,W06000024
8TR,W06000024
8TS,W06000024
8TT,W06000024
8TW,W06000024
8TX,W06000024
8UB,W06000024
8UD,W06000024
8UF,W06000024
8UG,W06000024
8UH,W06000024
8UL,W06000024
8UN,W06000024
8UP,W06000024
8UT,W06000024
8UU,W06000024
8UX,W06000024
8UY,W06000024
8XQ,W06000024
8YD,W06000024
8YE,W06000024
8YP,W06000024
8YR,W06000024
8YS,W06000024
8YT,W06000024
8YU,W06000024
8YW,W06000024
8YY,W06000024
8ZA,W06000024
8ZB,W06000024
9AA,W06000024
9AB,W06000024
9AD,W06000024
9AE,W06000024
9AF,W06000024
9AG,W06000024
9AH,W06000024
9AJ,W06000024
9AL,W06000024
9AN,W06000024
9AP,W06000024
9AQ,W06000024
9AR,W06000024
9AS,W06000024
9AT,W06000024
9AU,W06000024
9AW,W06000024
9AX,W06000024
9AY,W06000024
9AZ,W06000024
9BA,W06000024
9BB,W06000024
9BD,W06000024
9BE,W06000024
9BG,W06000024
9BH,W06000024
9BJ,W06000024
9BL,W06000024
9BN,W06000024
9BP,W06000024
9BS,W06000024
9BT,W06000024
9BU,W06000024
9BW,W06000024
9BX,W06000024
9BY,W06000024
9BZ,W06000024
9DA,W06000024
9DB,W06000024
9DD,W06000024
9DE,W06000024
9DF,W06000024
9DG,W06000024
9DH,W06000024
9DJ,W06000024
9DL,W06000024
9DN,W06000024
9DP,W06000024
9DQ,W06000024
9DR,W06000024
9DS,W06000024
9DT,W06000024
9DU,W06000024
9DW,W06000024
9DX,W06000024
9DY,W06000024
9DZ,W06000024
9EA,W06000024
9EB,W06000024
9EF,W06000024
9EJ,W06000024
9EX,W06000024
9HE,W06000024
9HG,W06000024
9HH,W06000024
9HJ,W06000024
9HL,W06000024
9HN,W06000024
9HP,W06000024
9HR,W06000024
9HS,W06000024
9HT,W06000024
9HU,W06000024
9HW,W06000024
9HX,W06000024
9HY,W06000024
9HZ,W06000024
9JA,W06000024
9JB,W06000024
9JD,W06000024
9JE,W06000024
9JF,W06000024
9JG,W06000024
9JH,W06000024
9JJ,W06000024
9JL,W06000024
9JN,W06000024
9JP,W06000024
9JW,W06000024
9LA,W06000024
9LB,W06000024
9LD,W06000024
9LE,W06000024
9LF,W06000024
9LG,W06000024
9LH,W06000024
9LJ,W06000024
9LL,W06000024
9LN,W06000024
9LP,W06000024
9LS,W06000024
9NH,W06000024
9NJ,W06000024
9NL,W06000024
9NN,W06000024
9NP,W06000024
9NR,W06000024
9NS,W06000024
9NT,W06000024
9NU,W06000024
9NW,W06000024
9NX,W06000024
9NY,W06000024
9PA,W06000024
9PB,W06000024
9PD,W06000024
9PE,W06000024
9PF,W06000024
9PG,W06000024
9PH,W06000024
9PJ,W06000024
9PL,W06000024
9PN,W06000024
9PP,W06000024
9PR,W06000024
9PS,W06000024
9PT,W06000024
9PU,W06000024
9PW,W06000024
9PX,W06000024
9PY,W06000024
9RA,W06000024
9RB,W06000024
9RD,W06000024
9RE,W06000024
9RF,W06000024
9RG,W06000024
9RJ,W06000024
9RP,W06000024
9RR,W06000024
9RS,W06000024
9RT,W06000024
9RU,W06000024
9RW,W06000024
9RX,W06000024
9RY,W06000024
9SA,W06000024
9SB,W06000024
9SD,W06000024
9SE,W06000024
9SF,W06000024
9SG,W06000024
9SH,W06000024
9SJ,W06000024
9SL,W06000024
9SN,W06000024
9ST,W06000024
9SU,W06000024
9SW,W06000024
9SX,W06000024
9SY,W06000024
9TA,W06000024
9TB,W06000024
9TD,W06000024
9TE,W06000024
9TF,W06000024
9TG,W06000024
9TH,W06000024
9TJ,W06000024
9TL,W06000024
9TN,W06000024
9TP,W06000024
9TR,W06000024
9TS,W06000024
9TT,W06000024
9TU,W06000024
9TW,W06000024
9TX,W06000024
9TY,W06000024
9UA,W06000024
9UB,W06000024
9UD,W06000024
9UE,W06000024
9UF,W06000024
9UG,W06000024
9UH,W06000024
9UJ,W06000024
9UL,W06000024
9UN,W06000024
9UT,W06000024
9UU,W06000024
9UX,W06000024
9UY,W06000024
9UZ,W06000024
9YB,W06000024
9YD,W06000024
9YE,W06000024
9YG,W06000024
9YH,W06000024
9YJ,W06000024
9YL,W06000024
9YN,W06000024
9YP,W06000024
9YR,W06000024
9YS,W06000024
9YT,W06000024
9YU,W06000024
9YW,W06000024
9YX,W06000024
9YY,W06000024
